69
82
28
11
98
19
59
52
16
42
38
49
73
43
26
86
66
45
17
46
78
15
62
11
79
52
45
47
24
45
77
14
37
98
52
63
63
26
54
54
83
44
16
75
67
25
51
94
52
41
57
88
47
43
17
41
55
71
71
48
81
54
29
12
34
76
75
22
68
65
18
71
93
97
25
24
26
57
92
15
67
66
81
99
83
24
33
87
48
17
12
94
66
53
29
86
41
14
38
91
71
11
93
41
44
32
99
91
13
75
26
68
19
55
48
47
77
22
84
62
38
49
95
73
19
38
46
54
42
66
31
91
46
51
93
24
68
16
56
24
55
82
69
27
59
53
19
95
43
19
78
16
57
73
72
89
59
17
49
55
96
44
24
86
39
76
57
94
21
99
62
27
71
11
84
24
34
53
74
95
88
77
59
11
17
31
88
76
64
18
66
22
84
66
44
18
91
91
66
82
51
88
77
65
29
52
17
65
81
66
27
56
15
22
26
69
28
74
84
96
92
57
18
35
65
54
82
36
71
48
25
66
56
21
32
44
35
24
69
91
86
77
39
55
12
87
96
94
62
73
71
58
16
75
52
77
51
82
41
46
33
28
15
68
23
89
36
98
68
99
47
52
33
38
74
66
28
39
99
52
41
61
81
25
59
19
57
66
98
46
38
82
93
66
63
58
38
73
59
81
99
45
88
15
42
57
32
56
73
96
57
66
57
93
93
59
78
15
88
89
19
56
51
71
32
19
82
81
12
51
68
43
92
88
17
11
31
96
88
58
71
71
33
92
85
34
91
61
27
31
81
45
67
15
22
28
25
48
56
97
53
77
73
69
19
27
38
36
49
11
45
81
77
65
64
69
86
85
16
81
62
42
59
57
51
46
94
18
82
76
81
29
66
68
23
99
37
43
74
31
69
47
64
64
15
26
96
47
72
62
94
46
57
99
83
29
39
75
54
89
43
27
29
28
45
34
77
86
83
32
16
55
44
11
38
54
85
26
58
63
67
97
94
16
26
73
72
77
24
48
65
57
55
48
27
72
93
12
17
89
65
45
41
22
82
26
41
95
91
97
57
76
56
44
39
87
91
22
18
98
38
22
47
85
38
61
41
94
27
75
54
66
26
79
78
61
99
44
27
48
73
33
43
28
27
33
41
67
81
12
42
15
72
27
84
44
59
43
93
44
55
21
57
42
94
51
74
25
94
34
33
57
67
69
44
78
44
33
98
53
29
87
72
69
46
21
48
56
89
87
18
62
34
99
52
39
24
27
26
92
32
95
93
55
49
15
43
69
77
65
54
26
93
27
59
59
45
99
94
72
29
86
78
61
37
21
68
48
41
81
16
42
47
56
78
64
55
44
26
72
45
77
56
24
78
92
39
38
45
28
15
21
62
79
68
64
77
77
61
85
94
17
13
48
93
68
26
29
98
85
29
91
56
11
17
88
81
43
95
54
29
72
84
15
29
93
13
55
66
34
89
42
33
12
44
23
55
22
79
26
89
57
11
87
98
16
67
12
71
14
43
55
72
24
62
25
88
63
41
61
65
45
98
95
98
32
45
77
55
25
48
61
88
15
36
51
93
35
31
74
63
37
41
68
65
83
58
13
58
63
74
82
71
18
19
29
87
53
86
27
91
12
44
77
71
83
51
78
82
49
74
11
85
81
18
34
59
89
24
98
78
99
54
18
56
61
28
79
46
73
17
45
93
88
27
67
48
11
32
66
96
55
63
89
97
69
92
93
62
64
41
15
37
66
84
18
32
43
11
24
74
81
41
38
39
87
65
27
99
99
46
17
71
22
17
22
28
81
81
68
11
18
57
71
66
52
91
99
28
33
75
57
22
41
71
38
33
72
64
66
76
77
11
48
13
74
72
82
24
44
39
68
22
24
62
65
37
34
29
42
75
65
99
77
63
91
14
83
46
73
54
52
37
86
26
95
19
78
99
49
35
79
16
66
94
61
86
89
44
78
11
77
85
43
42
35
56
44
12
72
51
13
38
69
18
91
88
45
38
81
91
95
54
89
91
88
22
22
92
95
77
98
13
51
25
88
46
35
41
43
27
86
23
58
65
11
26
15
41
89
98
17
43
22
11
66
79
44
79
22
79
38
82
74
97
26
96
31
56
69
47
74
29
46
28
77
69
49
22
91
58
51
25
91
53
63
63
64
79
74
94
76
66
12
75
59
66
85
33
51
13
51
81
42
63
64
34
23
22
86
16
32
49
21
82
85
55
66
19
94
72
74
31
47
88
66
88
37
42
55
Total sum: 55291
